lvl Num Scale Speed Hp
1 10 10 10
2 20 20 20
3 80 80 80
4 160 160 160
5 320 320 320
6 640 640 640
7 1280 1280 1280
8 2560 2560 2560
9 5120 5120 5120
10 10240 10240 10240
11 20480 20480 20480
12 40960 40960 40960
13 81920 81920 81920
14 163840 163840 163840
15 327680 327680 327680
16 655360 655360 655360
17 1310720 1310720 1310720
18 2621440 2621440 2621440
19 5242880 5242880 5242880
20 10485760 10485760 10485760
21 20971520 20971520 20971520
22 41943040 41943040 41943040
23 83886080 83886080 83886080
24 167772160 167772160 167772160
25 335544320 335544320 335544320
26 671088640 671088640 671088640
27 1342177280 1342177280 1342177280
28 2684354560 2684354560 2684354560
29 5368709120 5368709120 5368709120
30 10737418240 10737418240 10737418240
31 21474836480 21474836480 21474836480
32 42949672960 42949672960 42949672960
33 85899345920 85899345920 85899345920
34 171798691840 171798691840 171798691840
35 343597383680 343597383680 343597383680
36 687194767360 687194767360 687194767360
37 1374389534720 1374389534720 1374389534720
38 2748779069440 2748779069440 2748779069440
39 5497558138880 5497558138880 5497558138880
40 10995116277760 10995116277760 10995116277760
41 21990232555520 21990232555520 21990232555520
42 43980465111040 43980465111040 43980465111040
43 87960930222080 87960930222080 87960930222080
44 175921860444160 175921860444160 175921860444160
45 351843720888320 351843720888320 351843720888320
46 703687441776640 703687441776640 703687441776640
47 1.40737488355328E+15 1.40737488355328E+15 1.40737488355328E+15
48 2.81474976710656E+15 2.81474976710656E+15 2.81474976710656E+15
49 5.62949953421312E+15 5.62949953421312E+15 5.62949953421312E+15
50 1.12589990684262E+16 1.12589990684262E+16 1.12589990684262E+16
51 2.25179981368525E+16 2.25179981368525E+16 2.25179981368525E+16
52 4.5035996273705E+16 4.5035996273705E+16 4.5035996273705E+16
53 9.00719925474099E+16 9.00719925474099E+16 9.00719925474099E+16
54 1.8014398509482E+17 1.8014398509482E+17 1.8014398509482E+17
55 3.6028797018964E+17 3.6028797018964E+17 3.6028797018964E+17
56 7.20575940379279E+17 7.20575940379279E+17 7.20575940379279E+17
57 1.44115188075856E+18 1.44115188075856E+18 1.44115188075856E+18
58 2.88230376151712E+18 2.88230376151712E+18 2.88230376151712E+18
59 5.76460752303423E+18 5.76460752303423E+18 5.76460752303423E+18
60 1.15292150460685E+19 1.15292150460685E+19 1.15292150460685E+19
61 2.30584300921369E+19 2.30584300921369E+19 2.30584300921369E+19
62 4.61168601842739E+19 4.61168601842739E+19 4.61168601842739E+19
63 9.22337203685478E+19 9.22337203685478E+19 9.22337203685478E+19
64 1.84467440737096E+20 1.84467440737096E+20 1.84467440737096E+20
65 3.68934881474191E+20 3.68934881474191E+20 3.68934881474191E+20
66 7.37869762948382E+20 7.37869762948382E+20 7.37869762948382E+20
67 1.47573952589676E+21 1.47573952589676E+21 1.47573952589676E+21
68 2.95147905179353E+21 2.95147905179353E+21 2.95147905179353E+21
69 5.90295810358706E+21 5.90295810358706E+21 5.90295810358706E+21
70 1.18059162071741E+22 1.18059162071741E+22 1.18059162071741E+22
71 2.36118324143482E+22 2.36118324143482E+22 2.36118324143482E+22
72 4.72236648286965E+22 4.72236648286965E+22 4.72236648286965E+22
73 9.44473296573929E+22 9.44473296573929E+22 9.44473296573929E+22
74 1.88894659314786E+23 1.88894659314786E+23 1.88894659314786E+23
75 3.77789318629572E+23 3.77789318629572E+23 3.77789318629572E+23
76 7.55578637259143E+23 7.55578637259143E+23 7.55578637259143E+23
77 1.51115727451829E+24 1.51115727451829E+24 1.51115727451829E+24
78 3.02231454903657E+24 3.02231454903657E+24 3.02231454903657E+24
79 6.04462909807315E+24 6.04462909807315E+24 6.04462909807315E+24
80 1.20892581961463E+25 1.20892581961463E+25 1.20892581961463E+25
81 2.41785163922926E+25 2.41785163922926E+25 2.41785163922926E+25
82 4.83570327845852E+25 4.83570327845852E+25 4.83570327845852E+25
83 9.67140655691703E+25 9.67140655691703E+25 9.67140655691703E+25
84 1.93428131138341E+26 1.93428131138341E+26 1.93428131138341E+26
85 3.86856262276681E+26 3.86856262276681E+26 3.86856262276681E+26
86 7.73712524553363E+26 7.73712524553363E+26 7.73712524553363E+26
87 1.54742504910673E+27 1.54742504910673E+27 1.54742504910673E+27
88 3.09485009821345E+27 3.09485009821345E+27 3.09485009821345E+27
89 6.1897001964269E+27 6.1897001964269E+27 6.1897001964269E+27
90 1.23794003928538E+28 1.23794003928538E+28 1.23794003928538E+28
91 2.47588007857076E+28 2.47588007857076E+28 2.47588007857076E+28
92 4.95176015714152E+28 4.95176015714152E+28 4.95176015714152E+28
93 9.90352031428304E+28 9.90352031428304E+28 9.90352031428304E+28
94 1.98070406285661E+29 1.98070406285661E+29 1.98070406285661E+29
95 3.96140812571322E+29 3.96140812571322E+29 3.96140812571322E+29
96 7.92281625142643E+29 7.92281625142643E+29 7.92281625142643E+29
97 1.58456325028529E+30 1.58456325028529E+30 1.58456325028529E+30
98 3.16912650057057E+30 3.16912650057057E+30 3.16912650057057E+30
99 6.33825300114115E+30 6.33825300114115E+30 6.33825300114115E+30
100 1.26765060022823E+31 1.26765060022823E+31 1.26765060022823E+31
101 2.53530120045646E+31 2.53530120045646E+31 2.53530120045646E+31
102 5.07060240091292E+31 5.07060240091292E+31 5.07060240091292E+31
103 1.01412048018258E+32 1.01412048018258E+32 1.01412048018258E+32
104 2.02824096036517E+32 2.02824096036517E+32 2.02824096036517E+32
105 4.05648192073033E+32 4.05648192073033E+32 4.05648192073033E+32
106 8.11296384146067E+32 8.11296384146067E+32 8.11296384146067E+32
107 1.62259276829213E+33 1.62259276829213E+33 1.62259276829213E+33
108 3.24518553658427E+33 3.24518553658427E+33 3.24518553658427E+33
109 6.49037107316853E+33 6.49037107316853E+33 6.49037107316853E+33
110 1.29807421463371E+34 1.29807421463371E+34 1.29807421463371E+34
111 2.59614842926741E+34 2.59614842926741E+34 2.59614842926741E+34
112 5.19229685853483E+34 5.19229685853483E+34 5.19229685853483E+34
113 1.03845937170697E+35 1.03845937170697E+35 1.03845937170697E+35
114 2.07691874341393E+35 2.07691874341393E+35 2.07691874341393E+35
115 4.15383748682786E+35 4.15383748682786E+35 4.15383748682786E+35
116 8.30767497365572E+35 8.30767497365572E+35 8.30767497365572E+35
117 1.66153499473114E+36 1.66153499473114E+36 1.66153499473114E+36
118 3.32306998946229E+36 3.32306998946229E+36 3.32306998946229E+36
119 6.64613997892458E+36 6.64613997892458E+36 6.64613997892458E+36
120 1.32922799578492E+37 1.32922799578492E+37 1.32922799578492E+37
121 2.65845599156983E+37 2.65845599156983E+37 2.65845599156983E+37
122 5.31691198313966E+37 5.31691198313966E+37 5.31691198313966E+37
123 1.06338239662793E+38 1.06338239662793E+38 1.06338239662793E+38
124 2.12676479325587E+38 2.12676479325587E+38 2.12676479325587E+38
125 4.25352958651173E+38 4.25352958651173E+38 4.25352958651173E+38
126 8.50705917302346E+38 8.50705917302346E+38 8.50705917302346E+38
127 1.70141183460469E+39 1.70141183460469E+39 1.70141183460469E+39
128 3.40282366920938E+39 3.40282366920938E+39 3.40282366920938E+39
129 6.80564733841877E+39 6.80564733841877E+39 6.80564733841877E+39
130 1.36112946768375E+40 1.36112946768375E+40 1.36112946768375E+40
131 2.72225893536751E+40 2.72225893536751E+40 2.72225893536751E+40
132 5.44451787073502E+40 5.44451787073502E+40 5.44451787073502E+40
133 1.088903574147E+41 1.088903574147E+41 1.088903574147E+41
134 2.17780714829401E+41 2.17780714829401E+41 2.17780714829401E+41
135 4.35561429658801E+41 4.35561429658801E+41 4.35561429658801E+41
136 8.71122859317602E+41 8.71122859317602E+41 8.71122859317602E+41
137 1.7422457186352E+42 1.7422457186352E+42 1.7422457186352E+42
138 3.48449143727041E+42 3.48449143727041E+42 3.48449143727041E+42
139 6.96898287454082E+42 6.96898287454082E+42 6.96898287454082E+42
140 1.39379657490816E+43 1.39379657490816E+43 1.39379657490816E+43
141 2.78759314981633E+43 2.78759314981633E+43 2.78759314981633E+43
142 5.57518629963266E+43 5.57518629963266E+43 5.57518629963266E+43
143 1.11503725992653E+44 1.11503725992653E+44 1.11503725992653E+44
144 2.23007451985306E+44 2.23007451985306E+44 2.23007451985306E+44
145 4.46014903970612E+44 4.46014903970612E+44 4.46014903970612E+44
146 8.92029807941225E+44 8.92029807941225E+44 8.92029807941225E+44
147 1.78405961588245E+45 1.78405961588245E+45 1.78405961588245E+45
148 3.5681192317649E+45 3.5681192317649E+45 3.5681192317649E+45
149 7.1362384635298E+45 7.1362384635298E+45 7.1362384635298E+45
150 1.42724769270596E+46 1.42724769270596E+46 1.42724769270596E+46
151 2.85449538541192E+46 2.85449538541192E+46 2.85449538541192E+46
152 5.70899077082384E+46 5.70899077082384E+46 5.70899077082384E+46
153 1.14179815416477E+47 1.14179815416477E+47 1.14179815416477E+47
154 2.28359630832954E+47 2.28359630832954E+47 2.28359630832954E+47
155 4.56719261665907E+47 4.56719261665907E+47 4.56719261665907E+47
156 9.13438523331814E+47 9.13438523331814E+47 9.13438523331814E+47
157 1.82687704666363E+48 1.82687704666363E+48 1.82687704666363E+48
158 3.65375409332726E+48 3.65375409332726E+48 3.65375409332726E+48
159 7.30750818665451E+48 7.30750818665451E+48 7.30750818665451E+48
160 1.4615016373309E+49 1.4615016373309E+49 1.4615016373309E+49
161 2.92300327466181E+49 2.92300327466181E+49 2.92300327466181E+49
162 5.84600654932361E+49 5.84600654932361E+49 5.84600654932361E+49
163 1.16920130986472E+50 1.16920130986472E+50 1.16920130986472E+50
164 2.33840261972944E+50 2.33840261972944E+50 2.33840261972944E+50
165 4.67680523945889E+50 4.67680523945889E+50 4.67680523945889E+50
166 9.35361047891778E+50 9.35361047891778E+50 9.35361047891778E+50
167 1.87072209578356E+51 1.87072209578356E+51 1.87072209578356E+51
168 3.74144419156711E+51 3.74144419156711E+51 3.74144419156711E+51
169 7.48288838313422E+51 7.48288838313422E+51 7.48288838313422E+51
170 1.49657767662684E+52 1.49657767662684E+52 1.49657767662684E+52
171 2.99315535325369E+52 2.99315535325369E+52 2.99315535325369E+52
172 5.98631070650738E+52 5.98631070650738E+52 5.98631070650738E+52
173 1.19726214130148E+53 1.19726214130148E+53 1.19726214130148E+53
174 2.39452428260295E+53 2.39452428260295E+53 2.39452428260295E+53
175 4.7890485652059E+53 4.7890485652059E+53 4.7890485652059E+53
176 9.57809713041181E+53 9.57809713041181E+53 9.57809713041181E+53
177 1.91561942608236E+54 1.91561942608236E+54 1.91561942608236E+54
178 3.83123885216472E+54 3.83123885216472E+54 3.83123885216472E+54
179 7.66247770432944E+54 7.66247770432944E+54 7.66247770432944E+54
180 1.53249554086589E+55 1.53249554086589E+55 1.53249554086589E+55
181 3.06499108173178E+55 3.06499108173178E+55 3.06499108173178E+55
182 6.12998216346356E+55 6.12998216346356E+55 6.12998216346356E+55
183 1.22599643269271E+56 1.22599643269271E+56 1.22599643269271E+56
184 2.45199286538542E+56 2.45199286538542E+56 2.45199286538542E+56
185 4.90398573077084E+56 4.90398573077084E+56 4.90398573077084E+56
186 9.80797146154169E+56 9.80797146154169E+56 9.80797146154169E+56
187 1.96159429230834E+57 1.96159429230834E+57 1.96159429230834E+57
188 3.92318858461668E+57 3.92318858461668E+57 3.92318858461668E+57
189 7.84637716923335E+57 7.84637716923335E+57 7.84637716923335E+57
190 1.56927543384667E+58 1.56927543384667E+58 1.56927543384667E+58
191 3.13855086769334E+58 3.13855086769334E+58 3.13855086769334E+58
192 6.27710173538668E+58 6.27710173538668E+58 6.27710173538668E+58
193 1.25542034707734E+59 1.25542034707734E+59 1.25542034707734E+59
194 2.51084069415467E+59 2.51084069415467E+59 2.51084069415467E+59
195 5.02168138830934E+59 5.02168138830934E+59 5.02168138830934E+59
196 1.00433627766187E+60 1.00433627766187E+60 1.00433627766187E+60
197 2.00867255532374E+60 2.00867255532374E+60 2.00867255532374E+60
198 4.01734511064748E+60 4.01734511064748E+60 4.01734511064748E+60
199 8.03469022129495E+60 8.03469022129495E+60 8.03469022129495E+60
200 1.60693804425899E+61 1.60693804425899E+61 1.60693804425899E+61
